Received: 0 0 0 0 0 0 0 0 0 0 255 0 0 0 0 0 0 62 75 255 87 31 10 10 10 142 0 0 3 36 4 48 2 58 3 36 0 0 5 0 1 0 0 0 0 0 0 0 0 0 0 0 
Received: 0 0 0 0 0 0 0 0 0 0 255 0 0 0 0 0 0 62 75 255 87 31 10 10 10 142 0 0 3 36 4 48 2 57 3 36 0 0 5 0 1 0 0 0 0 0 0 0 0 0 0 0 
Received: 0 0 0 0 0 0 0 0 0 0 255 0 0 0 0 0 0 62 75 255 87 31 10 10 10 142 0 0 3 36 4 48 2 57 3 36 0 0 5 0 1 0 0 0 0 0 0 0 0 0 0 0 
Received: 0 0 0 0 0 0 0 0 0 0 255 0 0 0 0 0 0 62 75 255 87 31 10 10 10 142 0 0 3 36 4 48 2 57 3 36 0 0 5 0 1 0 0 0 0 0 0 0 0 0 0 0 
Received: 0 0 0 0 0 0 0 0 0 0 255 0 0 0 0 0 0 62 75 255 87 31 10 10 10 142 0 0 3 36 4 48 2 56 3 36 0 0 5 0 1 0 0 0 0 0 0 0 0 0 0 0 
Received: 0 0 0 0 0 0 0 0 0 0 255 0 0 0 0 0 0 62 75 255 87 31 10 10 10 142 0 0 3 36 4 48 2 57 3 36 0 0 4 0 1 0 0 0 0 0 0 0 0 0 0 0 
Received: 0 0 0 0 0 0 0 0 0 0 255 0 0 1 0 0 0 62 75 255 87 31 10 10 10 142 0 0 3 44 4 48 2 56 3 44 0 0 5 0 1 0 0 0 0 0 0 0 0 0 0 0 
Received: 0 0 0 0 0 0 0 0 0 0 255 0 0 25 255 245 0 62 75 255 87 31 10 10 10 142 0 0 2 134 4 40 2 77 3 140 0 0 5 0 1 0 0 0 0 0 0 0 0 0 0 0 
Received: 0 0 0 0 0 0 0 0 0 0 255 0 0 2 255 255 0 62 75 255 87 31 10 9 10 142 0 0 2 116 4 20 2 104 3 156 0 0 5 0 1 0 0 0 0 0 0 0 0 0 0 0 
Received: 0 0 0 0 0 0 0 0 0 0 255 0 0 0 0 0 0 62 75 255 87 31 10 9 10 142 0 0 2 117 4 21 2 105 3 157 0 0 5 0 1 0 0 0 0 0 0 0 0 0 0 0 
Received: 0 0 0 0 0 0 0 0 0 0 255 0 0 0 0 0 0 62 75 255 87 31 10 9 10 142 0 0 2 120 4 21 2 105 3 157 0 0 5 0 1 0 0 0 0 0 0 0 0 0 0 0 
Received: 0 0 0 0 0 0 0 0 0 0 255 0 0 0 0 0 0 62 75 255 87 31 10 9 10 142 0 0 2 124 4 21 2 104 3 156 0 0 5 0 1 0 0 0 0 0 0 0 0 0 0 0 
Received: 0 0 0 0 0 0 0 0 0 0 255 0 0 0 0 0 0 62 75 255 87 31 10 9 10 142 0 0 2 164 4 21 2 108 3 149 0 0 5 0 1 0 0 0 0 0 0 0 0 0 0 0 
Received: 0 0 1 0 0 0 0 0 0 0 255 0 0 0 0 0 0 62 75 255 87 31 10 9 10 142 0 0 0 0 0 164 2 12 5 35 0 0 5 0 1 0 0 0 0 0 0 0 0 0 0 0 
Received: 0 0 1 0 0 0 0 0 0 0 255 0 0 0 0 0 0 62 75 255 93 31 10 9 10 142 0 0 0 0 0 101 1 24 5 60 0 0 4 0 1 0 0 0 0 0 0 0 0 0 0 0 
Received: 16 0 1 1 1 0 0 0 0 0 255 0 0 0 0 0 0 62 75 255 87 31 10 9 10 142 0 0 0 2 0 0 0 4 2 79 0 0 5 0 1 0 0 0 0 0 0 0 0 0 0 0 
Received: 0 0 0 0 0 0 0 0 0 0 255 0 0 0 0 0 0 62 75 255 87 31 10 9 10 142 0 0 0 174 3 180 2 234 4 154 0 0 5 0 1 0 0 0 0 0 0 0 0 0 0 0 
Received: 0 0 0 0 0 0 0 0 0 0 255 0 0 0 0 0 0 62 75 255 87 31 10 9 10 142 0 0 3 172 4 8 2 4 3 60 0 0 5 0 1 0 0 0 0 0 0 0 0 0 0 0 
Received: 0 0 0 0 0 0 0 0 0 0 255 0 0 0 0 0 0 62 75 255 87 31 10 9 10 142 0 0 3 88 4 20 2 28 3 44 0 0 4 0 1 0 0 0 0 0 0 0 0 0 0 0 
Received: 0 0 0 0 0 0 0 0 0 0 255 0 0 0 0 0 0 62 75 255 87 31 10 9 10 142 0 0 2 18 3 177 1 242 3 166 0 0 5 0 1 0 0 0 0 0 0 0 0 0 0 0 
Received: 16 0 1 1 1 0 0 0 0 0 255 0 0 0 0 0 0 62 75 255 93 31 10 9 10 142 0 0 0 0 0 1 0 0 0 24 0 0 5 0 1 0 0 0 0 0 0 0 0 0 0 0 
Received: 16 0 1 1 1 1 0 0 0 0 255 0 0 0 0 0 0 62 75 255 87 31 10 9 10 142 0 0 0 0 0 0 0 0 0 0 0 0 4 0 1 0 0 0 0 0 0 0 0 0 0 0 
Received: 16 0 1 1 1 1 0 0 0 0 255 0 0 0 0 0 0 62 75 255 87 31 10 9 10 142 0 0 0 0 0 0 0 4 0 0 0 0 5 0 1 0 0 0 0 0 0 0 0 0 0 0 
Received: 0 0 0 0 0 0 0 0 0 0 255 0 0 0 0 0 0 62 75 255 93 31 10 9 10 142 0 0 0 152 0 210 0 58 2 88 0 0 4 0 1 0 0 0 0 0 0 0 0 0 0 0 
Received: 0 0 0 0 0 0 0 0 0 0 255 0 0 0 0 0 0 62 75 255 87 31 10 8 10 142 0 0 2 76 3 220 2 11 3 116 0 0 5 0 1 0 0 0 0 0 0 0 0 0 0 0 
Received: 0 0 1 0 0 0 0 0 0 0 255 0 0 0 0 0 0 62 75 255 80 31 10 8 10 142 0 0 0 5 3 224 5 170 5 39 0 0 5 0 1 0 0 0 0 0 0 0 0 0 0 0 
Received: 0 0 0 0 0 0 0 0 0 0 255 0 0 0 0 0 0 62 75 255 87 31 10 8 10 142 0 0 0 234 4 46 3 141 4 60 0 0 5 0 1 0 0 0 0 0 0 0 0 0 0 0 
Received: 0 0 0 0 0 0 0 0 0 0 255 0 0 0 0 0 0 62 75 255 87 31 10 8 10 142 0 0 3 92 4 44 2 52 2 240 0 0 4 0 1 0 0 0 0 0 0 0 0 0 0 0 
Received: 0 0 0 0 0 0 0 0 0 0 255 0 0 0 0 0 0 62 75 255 80 31 10 8 10 142 0 0 3 93 4 44 2 52 2 245 0 0 4 0 1 0 0 0 0 0 0 0 0 0 0 0 
Received: 0 0 0 0 0 0 0 0 0 0 255 0 0 0 0 0 0 62 47 255 2 31 10 8 10 142 0 0 3 131 4 46 2 45 2 244 0 0 5 0 1 0 0 0 0 0 0 0 0 0 0 0 